var data = [
[1000, 738.1, 7639.78],
[1072, 696.175, 1296.55],
[1149, 375.37, 736.581],
[1232, 353.003, 2738.05],
[1321, 379.485, 512.481],
[1417, 396.824, 2135.37],
[1519, 382.357, 327.417],
[1629, 538.858, 902.901],
[1747, 420.149, 506.082],
[1873, 546.663, 558.138],
[2009, 356.595, 327.849],
[2154, 468.477, 628.487],
[2310, 370.779, 131.086],
[2477, 353.815, 215.053],
[2656, 386.258, 19319.4],
[2848, 370.435, 1116.48],
[3053, 355.159, 10237.7],
[3274, 530.177, 17282.7],
[3511, 432.071, 124.121],
[3764, 439.586, 121.392],
[4037, 356.923, 495.074],
[4328, 417.722, 2409.19],
[4641, 401.896, 137731],
[4977, 525.859, 278.614],
[5336, 353.036, 144.422],
[5722, 586.159, 70.0627],
[6135, 419.12, 159.013],
[6579, 417.267, 238.338],
[7054, 474.766, 100.039],
[7564, 377.115, 1747.76],
[8111, 418.678, 2068.91],
[8697, 378.418, 119.242],
[9326, 430.077, 1511.65],
[10000, 727.74, 55.7992],
[10722, 489.918, 324378],
[11497, 479.09, 2515.88],
[12328, 445.417, 288.244],
[13219, 453.325, 106.712],
[14174, 498.871, 97.744],
[15199, 420.291, 8058.36],
[16297, 487.268, 221.914],
[17475, 472.103, 102.958],
[18738, 489.129, 1705.59],
[20092, 576.782, 1918.42],
[21544, 452.209, 589.487],
[23101, 461.681, 231.71],
[24770, 495.511, 136.961],
[26560, 483.991, 1433.43],
[28480, 548.16, 97.0222],
[30538, 482.664, 1005.61],
[32745, 566.847, 2530.63],
[35111, 503.287, 147.989],
[37649, 524.824, 470.627],
[40370, 742.658, 5107.5],
[43287, 596.817, 1074.57],
[46415, 646.668, 158.73],
[49770, 614.316, 2685.39],
[53366, 622.619, 1957.89],
[57223, 638.956, 1537.57],
[61359, 701.664, 1777.31],
[65793, 595.382, 15946.7],
[70548, 716.678, 365.271],
[75646, 671.418, 2383.55],
[81113, 600.557, 592.013],
[86974, 810.81, 1441.59],
[93260, 789.987, 2517.99],
[100000, 680.605, 1407.09],
[107226, 705.82, 850.164],
[114975, 737.933, 11160.1],
[123284, 728.111, 1254.41],
[132194, 757.933, 579.578],
[141747, 875.823, 1098.02],
[151991, 865.668, 1498.39],
[162975, 868.983, 3124.71],
[174752, 844.024, 1013.75],
[187381, 868.019, 1361.75],
[200923, 986.767, 8110.93],
[215443, 949.457, 566.599],
[231012, 963.878, 226.107],
[247707, 996.244, 9926.7],
[265608, 1029.06, 799.219],
[284803, 1072.97, 730.091],
[305385, 1110.58, 973.421],
[327454, 1242.28, 687.408],
[351119, 1045.45, 160.139],
[376493, 1115.08, 65.5615],
[403701, 1161.44, 213.252],
[432876, 1261.31, 970.374],
[464158, 1286.22, 421.958],
[497702, 1299.1, 1443.4],
[533669, 1230.44, 9315.23],
[572236, 1352.75, 431.725],
[613590, 1427.46, 88.9949],
[657933, 1411.84, 5523.7],
[705480, 1213.79, 12252.8],
[756463, 1509.44, 509.275],
[811130, 1552.16, 615.566],
[869749, 1494.05, 398.355],
[932603, 1596.76, 943.381],
[1000000, 1513.74, 10591.6],
];