var data = [
259.261
2882.47
1846.82
405.666
122.669
1052.37
211.294
1292.98
247.526
360.218
107.368
477.541
1619.4
430.659
632.442
430.565
1955.3
304.198
287.778
38.2435
2291.87
145.447
154.06
963.364
145.899
140.788
1234.16
34.9286
1638.88
1407.92
31672.5
13437.4
3703.81
922.19
309.803
111794
76242.4
193973
44764.7
24378.8
51365.9
44570.8
17997.6
252.462
20841.7
8714.89
5182
860.29
517.24
12738.1
20327.8
5813.41
4166.04
3528.96
33950.2
3830.92
1764.33
41708.5
106982
451.047
159.926
288.932
381.964
450.278
24828.2
40581
161.343
25731.3
160.429
197.702
761.414
563.277
413.283
196.926
265.655
560.728
389.051
135.565
508.6
289.759
116.22
104.048
1399.92
862.929
47.5217
2019.72
66.6941
25.4366
65.9066
101.51
22.5396
9895.12
260.069
31.16
13629.3
91.6505
78.8948
50.9886
122.877
85.9984
];