var data = [
804
334.049
382.245
376.786
398.637
406.563
356.287
355.801
411.563
360.598
354.156
371.82
380.952
365.684
359.752
379.986
328.464
360.141
346.881
318.013
322.343
342.745
313.984
333.775
343.272
341.559
334.572
325.794
388.73
347.475
351.14
497.539
641.797
436.82
377.15
420.449
1327.13
804.94
1520.26
544.009
393.232
416.561
887.251
438.045
976.202
499.866
1035.28
965.12
1054.71
1062.06
1060.98
1019.72
1155.52
1126.72
1131.85
1137.41
1186.52
1190.19
751.635
626.772
565.759
605.531
628.423
608.909
653.569
833.627
803.383
732.71
951.706
795.048
831.598
830.756
831.077
846.845
924.876
889.487
916.7
915.808
948.285
959.79
979.299
991.172
1055.57
907.698
942.093
952.756
997.535
1011.1
1018.21
1038.65
1062.61
1089.35
1218.57
1228.44
1267.26
1280.6
1315.36
1345.88
1281.56
1392.61
];