var data = [
8465.12
10913.7
240.783
1224.87
279.525
411.434
617.162
1441.68
1387.89
692.209
850.7
1165.32
1460.09
364.41
323.907
414.907
806.073
351.076
1277.65
277.845
51212.2
409.345
165.456
9702.02
464.55
341.592
1866.35
172.128
188.533
3417.46
49570
13659.5
3033.78
5167.07
1722.66
29568.5
1945.05
167124
34403.6
15187.1
1656.3
21115.4
18877.9
34953.9
18538.8
712.548
5213.96
305.546
4059.57
13021.5
1046.49
1411.44
8941.11
1435.94
1152.6
2800.46
7173.18
31513.9
39660.7
151.516
226.529
211.614
359.57
287.318
14470.5
9353.37
10385.4
180.663
216.648
249.121
201.763
581.258
240.038
192.864
323.089
299.417
191.591
915.563
164.01
274.084
178.796
438.114
91.6715
88.3628
83.3215
239.162
1565.19
201.262
31.5231
36.1009
47.1977
42.2305
56.5873
845.493
46.4313
129.228
34.1924
1659.44
71.7076
144.894
];