var data = [
720.3
394.776
414.621
411.12
349.811
414.679
360.5
392.02
350.372
339.936
359.233
343.036
373.42
344.651
377.485
340.414
352.473
348.748
327.457
318.889
319.049
344.039
363.392
330.46
360.064
373.139
390.856
310.199
316.076
365.587
340.143
744.935
439.738
399.97
509.858
452.057
723.645
415.001
716.65
530.331
457.919
532.246
875.067
505.759
959.696
999.68
984.078
996.691
861.032
962.332
990.854
980.097
952.19
938.244
901.174
935.437
961.354
980.446
559.291
575.127
573.052
590.714
539.288
557.899
544.994
737.103
575.924
588.176
642.155
603.765
652.537
637.734
652.733
677.465
724.529
741.811
757.728
771.38
801.753
820.172
859.793
861.329
899.58
886.494
879.705
892.135
946.988
944.362
972.635
977.227
1004.32
1054.17
1099.16
1125.88
1137.48
1167.85
1204.14
1261.89
1188.67
1263.45
];