var data = [
1897.18
276.675
1391.99
301.344
228.544
1360.4
259.688
3146.72
478.586
2474.47
265.118
640.86
474.186
296.848
662.514
496.392
656.076
804.792
224.458
100.772
81269.4
319.384
266.459
582.871
223.689
830.381
3050.86
64.2427
1419.41
400.168
849.628
9266.83
42690.8
953.464
7657.53
44684.7
19308.8
50614.9
6647.6
23674.2
1359.14
2208.79
31781.2
13052.7
817.875
222.273
359.021
6443.64
11213.7
12038.6
1694.24
11104.9
10018.5
4052.76
781.416
222.251
2684.01
12619.5
30628
107.232
68.0192
338.068
333.5
208.146
6992.5
14451.1
161.633
226.128
188.631
398.644
351.278
318.628
168.659
333.251
194.401
456.265
237.154
114.156
89.5199
186.089
90.5961
156.968
299.062
79.5591
30.6802
41.3697
45.3015
26.2104
52.2113
1062.5
39.2158
11248.5
83.1908
121.553
102.708
82.6993
23.9249
863.227
10468
44.5409
];